time step continuity errors : sum local = 2.249307363e-06, global = 2.215485031e-06, cumulative = 0.02756831489
DILUPBiCGStab:  Solving for omega, Initial residual = 1.61761225e-06, Final residual = 5.584908841e-09, No Iterations 1
DILUPBiCGStab:  Solving for k, Initial residual = 5.646263056e-07, Final residual = 6.63726558e-09, No Iterations 1
ExecutionTime = 1161.42 s  ClockTime = 1162 s

fieldAverage fieldAverage write:
    Calculating averages

Courant Number mean: 0.1297325313 max: 3.498149322
deltaT = 0.001865671642
Time = 14.970149

diagonal:  Solving for rho, Initial residual = 0, Final residual = 0, No Iterations 0
PIMPLE: iteration 1
smoothSolver:  Solving for Ux, Initial residual = 5.451278466e-05, Final residual = 9.949988947e-09, No Iterations 2
smoothSolver:  Solving for Uy, Initial residual = 1.161408874e-05, Final residual = 3.383516813e-09, No Iterations 2
smoothSolver:  Solving for Uz, Initial residual = 2.594225901e-06, Final residual = 6.874935319e-10, No Iterations 2
DILUPBiCGStab:  Solving for H2, Initial residual = 1.129579144e-06, Final residual = 3.467933658e-11, No Iterations 1
min/max(T) = 288, 296.579187
DICPCG:  Solving for p_rgh, Initial residual = 4.523859432e-06, Final residual = 9.675578369e-08, No Iterations 163
DICPCG:  Solving for p_rgh, Initial residual = 1.177095651e-07, Final residual = 7.638747379e-08, No Iterations 1
diagonal:  Solving for rho, Initial residual = 0, Final residual = 0, No Iterations 0
time step continuity errors : sum local = 2.251885192e-06, global = 2.216042007e-06, cumulative = 0.02757053093
DICPCG:  Solving for p_rgh, Initial residual = 3.164497371e-06, Final residual = 9.960695531e-08, No Iterations 164
DICPCG:  Solving for p_rgh, Initial residual = 1.138933998e-07, Final residual = 7.57844424e-08, No Iterations 1
diagonal:  Solving for rho, Initial residual = 0, Final residual = 0, No Iterations 0
time step continuity errors : sum local = 2.253845628e-06, global = 2.216482679e-06, cumulative = 0.02757274742
DILUPBiCGStab:  Solving for omega, Initial residual = 1.616313082e-06, Final residual = 5.586161311e-09, No Iterations 1
DILUPBiCGStab:  Solving for k, Initial residual = 5.644200657e-07, Final residual = 6.633965228e-09, No Iterations 1
ExecutionTime = 1162.14 s  ClockTime = 1163 s

fieldAverage fieldAverage write:
    Calculating averages

Courant Number mean: 0.1297324879 max: 3.498149926
deltaT = 0.001865671642
Time = 14.972015

diagonal:  Solving for rho, Initial residual = 0, Final residual = 0, No Iterations 0
PIMPLE: iteration 1
smoothSolver:  Solving for Ux, Initial residual = 5.192980587e-05, Final residual = 6.898212801e-09, No Iterations 2
smoothSolver:  Solving for Uy, Initial residual = 1.073565095e-05, Final residual = 2.509153129e-09, No Iterations 2
smoothSolver:  Solving for Uz, Initial residual = 2.490860945e-06, Final residual = 5.81570749e-10, No Iterations 2
DILUPBiCGStab:  Solving for H2, Initial residual = 1.122828664e-06, Final residual = 3.44267265e-11, No Iterations 1
min/max(T) = 288, 296.579187
DICPCG:  Solving for p_rgh, Initial residual = 4.517964732e-06, Final residual = 9.539887682e-08, No Iterations 159
DICPCG:  Solving for p_rgh, Initial residual = 1.141450667e-07, Final residual = 7.299499434e-08, No Iterations 1
diagonal:  Solving for rho, Initial residual = 0, Final residual = 0, No Iterations 0
time step continuity errors : sum local = 2.250269838e-06, global = 2.217164068e-06, cumulative = 0.02757496458
DICPCG:  Solving for p_rgh, Initial residual = 3.165299933e-06, Final residual = 9.942036714e-08, No Iterations 172
DICPCG:  Solving for p_rgh, Initial residual = 1.134535584e-07, Final residual = 7.797118231e-08, No Iterations 1
diagonal:  Solving for rho, Initial residual = 0, Final residual = 0, No Iterations 0
time step continuity errors : sum local = 2.255456245e-06, global = 2.216710628e-06, cumulative = 0.02757718129
DILUPBiCGStab:  Solving for omega, Initial residual = 1.616010689e-06, Final residual = 5.585917276e-09, No Iterations 1
DILUPBiCGStab:  Solving for k, Initial residual = 5.640958768e-07, Final residual = 6.612831718e-09, No Iterations 1
ExecutionTime = 1162.88 s  ClockTime = 1163 s

fieldAverage fieldAverage write:
    Calculating averages

Courant Number mean: 0.1297326582 max: 3.498147917
deltaT = 0.001865671642
Time = 14.973881

diagonal:  Solving for rho, Initial residual = 0, Final residual = 0, No Iterations 0
PIMPLE: iteration 1
smoothSolver:  Solving for Ux, Initial residual = 5.465525594e-05, Final residual = 9.066815739e-09, No Iterations 2
smoothSolver:  Solving for Uy, Initial residual = 1.143186712e-05, Final residual = 3.484841808e-09, No Iterations 2
smoothSolver:  Solving for Uz, Initial residual = 2.552300775e-06, Final residual = 6.040166321e-10, No Iterations 2
DILUPBiCGStab:  Solving for H2, Initial residual = 1.1259579e-06, Final residual = 3.466316796e-11, No Iterations 1
min/max(T) = 288, 296.579187
DICPCG:  Solving for p_rgh, Initial residual = 4.521463998e-06, Final residual = 9.95695713e-08, No Iterations 155
DICPCG:  Solving for p_rgh, Initial residual = 1.177607501e-07, Final residual = 7.526354983e-08, No Iterations 1
diagonal:  Solving for rho, Initial residual = 0, Final residual = 0, No Iterations 0
time step continuity errors : sum local = 2.251012556e-06, global = 2.217806975e-06, cumulative = 0.0275793991
DICPCG:  Solving for p_rgh, Initial residual = 3.172669976e-06, Final residual = 9.974064014e-08, No Iterations 157
DICPCG:  Solving for p_rgh, Initial residual = 1.150689684e-07, Final residual = 7.47220977e-08, No Iterations 1
diagonal:  Solving for rho, Initial residual = 0, Final residual = 0, No Iterations 0
time step continuity errors : sum local = 2.251513861e-06, global = 2.220584428e-06, cumulative = 0.02758161968
DILUPBiCGStab:  Solving for omega, Initial residual = 1.614343221e-06, Final residual = 5.581600276e-09, No Iterations 1
DILUPBiCGStab:  Solving for k, Initial residual = 5.634652839e-07, Final residual = 6.610568992e-09, No Iterations 1
ExecutionTime = 1163.57 s  ClockTime = 1164 s

surfaceFieldValue mainInletFlux write:
    sum(main_inlet) of phi = -1.682387004

surfaceFieldValue branchInletFlux write:
    sum(branch_inlet) of phi = -0.04370032681

surfaceFieldValue outletFlux write:
    sum(outlet) of phi = 1.682267204

surfaceFieldValue H2_outletAvg write:
    areaAverage(outlet) of H2 = 0

surfaceFieldValue p_rgh_inlet write:
    areaAverage(main_inlet) of p_rgh = 6900647.029

surfaceFieldValue p_rgh_outlet write:
    areaAverage(outlet) of p_rgh = 6900000

surfaceFieldValue plane_z3_H2 write:
    areaAverage(planeZ3) of H2 = 0

surfaceFieldValue plane_z4_H2 write:
    areaAverage(planeZ4) of H2 = 0

surfaceFieldValue plane_z5_H2 write:
    areaAverage(planeZ5) of H2 = 0

surfaceFieldValue plane_z6_H2 write:
    areaAverage(planeZ6) of H2 = 0

surfaceFieldValue plane_z3_p write:
    areaAverage(planeZ3p) of p_rgh = 6900646.817

surfaceFieldValue plane_z4_p write:
    areaAverage(planeZ4p) of p_rgh = 6900633.841

surfaceFieldValue plane_z5_p write:
    areaAverage(planeZ5p) of p_rgh = 6900565.186

surfaceFieldValue plane_z6_p write:
    areaAverage(planeZ6p) of p_rgh = 6900380.972

fieldAverage fieldAverage write:
    Calculating averages

Courant Number mean: 0.1297326242 max: 3.498146655
deltaT = 0.001865671642
Time = 14.975746

diagonal:  Solving for rho, Initial residual = 0, Final residual = 0, No Iterations 0
PIMPLE: iteration 1
smoothSolver:  Solving for Ux, Initial residual = 5.177902375e-05, Final residual = 8.728938585e-09, No Iterations 2
smoothSolver:  Solving for Uy, Initial residual = 1.09443648e-05, Final residual = 3.220258971e-09, No Iterations 2
smoothSolver:  Solving for Uz, Initial residual = 2.637767716e-06, Final residual = 6.17531864e-10, No Iterations 2
DILUPBiCGStab:  Solving for H2, Initial residual = 1.121413945e-06, Final residual = 3.451480777e-11, No Iterations 1
min/max(T) = 288, 296.579187
DICPCG:  Solving for p_rgh, Initial residual = 4.513592707e-06, Final residual = 9.885338952e-08, No Iterations 153
DICPCG:  Solving for p_rgh, Initial residual = 1.166060687e-07, Final residual = 7.834105797e-08, No Iterations 1
diagonal:  Solving for rho, Initial residual = 0, Final residual = 0, No Iterations 0
time step continuity errors : sum local = 2.254221803e-06, global = 2.220541129e-06, cumulative = 0.02758384022
DICPCG:  Solving for p_rgh, Initial residual = 3.171324178e-06, Final residual = 9.724772399e-08, No Iterations 166
DICPCG:  Solving for p_rgh, Initial residual = 1.140242102e-07, Final residual = 7.541335218e-08, No Iterations 1
diagonal:  Solving for rho, Initial residual = 0, Final residual = 0, No Iterations 0
time step continuity errors : sum local = 2.254948273e-06, global = 2.218053499e-06, cumulative = 0.02758605828
DILUPBiCGStab:  Solving for omega, Initial residual = 1.613125878e-06, Final residual = 5.579244682e-09, No Iterations 1
DILUPBiCGStab:  Solving for k, Initial residual = 5.637333756e-07, Final residual = 6.618348342e-09, No Iterations 1
ExecutionTime = 1164.28 s  ClockTime = 1165 s

fieldAverage fieldAverage write:
    Calculating averages

Courant Number mean: 0.1297327333 max: 3.498146294
deltaT = 0.001865671642
Time = 14.977612

diagonal:  Solving for rho, Initial residual = 0, Final residual = 0, No Iterations 0
PIMPLE: iteration 1
smoothSolver:  Solving for Ux, Initial residual = 5.298241208e-05, Final residual = 8.375190245e-09, No Iterations 2
smoothSolver:  Solving for Uy, Initial residual = 1.081298809e-05, Final residual = 2.667547741e-09, No Iterations 2
smoothSolver:  Solving for Uz, Initial residual = 2.658396927e-06, Final residual = 5.623510315e-10, No Iterations 2
DILUPBiCGStab:  Solving for H2, Initial residual = 1.122237716e-06, Final residual = 3.463916404e-11, No Iterations 1
min/max(T) = 288, 296.579187
DICPCG:  Solving for p_rgh, Initial residual = 4.517012203e-06, Final residual = 9.634844351e-08, No Iterations 166
DICPCG:  Solving for p_rgh, Initial residual = 1.127110802e-07, Final residual = 7.041737777e-08, No Iterations 1
diagonal:  Solving for rho, Initial residual = 0, Final residual = 0, No Iterations 0
time step continuity errors : sum local = 2.24956032e-06, global = 2.218640314e-06, cumulative = 0.02758827692
DICPCG:  Solving for p_rgh, Initial residual = 3.162119285e-06, Final residual = 9.79746712e-08, No Iterations 167
DICPCG:  Solving for p_rgh, Initial residual = 1.08834592e-07, Final residual = 7.005924016e-08, No Iterations 1
diagonal:  Solving for rho, Initial residual = 0, Final residual = 0, No Iterations 0
time step continuity errors : sum local = 2.250341948e-06, global = 2.219189619e-06, cumulative = 0.02759049611
DILUPBiCGStab:  Solving for omega, Initial residual = 1.612167562e-06, Final residual = 5.586784618e-09, No Iterations 1
DILUPBiCGStab:  Solving for k, Initial residual = 5.633917725e-07, Final residual = 6.625999595e-09, No Iterations 1
ExecutionTime = 1165.02 s  ClockTime = 1166 s

fieldAverage fieldAverage write:
    Calculating averages

Courant Number mean: 0.1297327996 max: 3.498145277
deltaT = 0.001865671642
Time = 14.979478

diagonal:  Solving for rho, Initial residual = 0, Final residual = 0, No Iterations 0
PIMPLE: iteration 1
smoothSolver:  Solving for Ux, Initial residual = 5.106345464e-05, Final residual = 6.904273538e-09, No Iterations 2
smoothSolver:  Solving for Uy, Initial residual = 1.06293746e-05, Final residual = 2.557294684e-09, No Iterations 2
smoothSolver:  Solving for Uz, Initial residual = 2.625810048e-06, Final residual = 6.295186042e-10, No Iterations 2
DILUPBiCGStab:  Solving for H2, Initial residual = 1.118723245e-06, Final residual = 3.456308153e-11, No Iterations 1
min/max(T) = 288, 296.579187
DICPCG:  Solving for p_rgh, Initial residual = 4.512578761e-06, Final residual = 9.976487252e-08, No Iterations 163
DICPCG:  Solving for p_rgh, Initial residual = 1.172179233e-07, Final residual = 7.757064184e-08, No Iterations 1
diagonal:  Solving for rho, Initial residual = 0, Final residual = 0, No Iterations 0
time step continuity errors : sum local = 2.255067278e-06, global = 2.220123193e-06, cumulative = 0.02759271623
DICPCG:  Solving for p_rgh, Initial residual = 3.165345249e-06, Final residual = 9.849003005e-08, No Iterations 166
DICPCG:  Solving for p_rgh, Initial residual = 1.089946451e-07, Final residual = 7.66385157e-08, No Iterations 1
diagonal:  Solving for rho, Initial residual = 0, Final residual = 0, No Iterations 0
time step continuity errors : sum local = 2.256435828e-06, global = 2.220845771e-06, cumulative = 0.02759493708
DILUPBiCGStab:  Solving for omega, Initial residual = 1.61121437e-06, Final residual = 5.58709439e-09, No Iterations 1
DILUPBiCGStab:  Solving for k, Initial residual = 5.630173254e-07, Final residual = 6.636985392e-09, No Iterations 1
ExecutionTime = 1165.75 s  ClockTime = 1166 s

fieldAverage fieldAverage write:
    Calculating averages

Courant Number mean: 0.1297328879 max: 3.498144016
deltaT = 0.001865671642
Time = 14.981343

diagonal:  Solving for rho, Initial residual = 0, Final residual = 0, No Iterations 0
PIMPLE: iteration 1
smoothSolver:  Solving for Ux, Initial residual = 5.034226978e-05, Final residual = 5.487689959e-09, No Iterations 2
smoothSolver:  Solving for Uy, Initial residual = 1.086822097e-05, Final residual = 3.186168444e-09, No Iterations 2
smoothSolver:  Solving for Uz, Initial residual = 2.687228606e-06, Final residual = 6.613823081e-10, No Iterations 2
DILUPBiCGStab:  Solving for H2, Initial residual = 1.118771688e-06, Final residual = 3.462519244e-11, No Iterations 1
min/max(T) = 288, 296.579187
DICPCG:  Solving for p_rgh, Initial residual = 4.523301345e-06, Final residual = 9.608178973e-08, No Iterations 159
DICPCG:  Solving for p_rgh, Initial residual = 1.127138006e-07, Final residual = 7.28492263e-08, No Iterations 1
diagonal:  Solving for rho, Initial residual = 0, Final residual = 0, No Iterations 0
time step continuity errors : sum local = 2.252070157e-06, global = 2.221517257e-06, cumulative = 0.02759715859
DICPCG:  Solving for p_rgh, Initial residual = 3.171328593e-06, Final residual = 8.67593901e-08, No Iterations 177
DICPCG:  Solving for p_rgh, Initial residual = 1.022144529e-07, Final residual = 6.17099215e-08, No Iterations 1
diagonal:  Solving for rho, Initial residual = 0, Final residual = 0, No Iterations 0
time step continuity errors : sum local = 2.247961038e-06, global = 2.218673056e-06, cumulative = 0.02759937727
DILUPBiCGStab:  Solving for omega, Initial residual = 1.609845999e-06, Final residual = 5.583625354e-09, No Iterations 1
DILUPBiCGStab:  Solving for k, Initial residual = 5.630413282e-07, Final residual = 6.635625291e-09, No Iterations 1
ExecutionTime = 1166.47 s  ClockTime = 1167 s

fieldAverage fieldAverage write:
    Calculating averages

Courant Number mean: 0.1297329135 max: 3.498144057
deltaT = 0.001865671642
Time = 14.983209

diagonal:  Solving for rho, Initial residual = 0, Final residual = 0, No Iterations 0
PIMPLE: iteration 1
smoothSolver:  Solving for Ux, Initial residual = 5.076678907e-05, Final residual = 6.292104446e-09, No Iterations 2
smoothSolver:  Solving for Uy, Initial residual = 1.087422148e-05, Final residual = 2.769954941e-09, No Iterations 2
smoothSolver:  Solving for Uz, Initial residual = 2.518923374e-06, Final residual = 6.250091184e-10, No Iterations 2
DILUPBiCGStab:  Solving for H2, Initial residual = 1.116739998e-06, Final residual = 3.455812957e-11, No Iterations 1
min/max(T) = 288, 296.579187
DICPCG:  Solving for p_rgh, Initial residual = 4.50724642e-06, Final residual = 9.89602374e-08, No Iterations 158
DICPCG:  Solving for p_rgh, Initial residual = 1.165120301e-07, Final residual = 7.466103132e-08, No Iterations 1
diagonal:  Solving for rho, Initial residual = 0, Final residual = 0, No Iterations 0
time step continuity errors : sum local = 2.253279778e-06, global = 2.221133201e-06, cumulative = 0.0276015984
DICPCG:  Solving for p_rgh, Initial residual = 3.161758906e-06, Final residual = 9.285111263e-08, No Iterations 167
DICPCG:  Solving for p_rgh, Initial residual = 1.048514282e-07, Final residual = 6.856723709e-08, No Iterations 1
diagonal:  Solving for rho, Initial residual = 0, Final residual = 0, No Iterations 0
time step continuity errors : sum local = 2.252240965e-06, global = 2.22138229e-06, cumulative = 0.02760381978
DILUPBiCGStab:  Solving for omega, Initial residual = 1.608639861e-06, Final residual = 5.587260101e-09, No Iterations 1
DILUPBiCGStab:  Solving for k, Initial residual = 5.621067779e-07, Final residual = 6.626006568e-09, No Iterations 1
ExecutionTime = 1167.19 s  ClockTime = 1168 s

fieldAverage fieldAverage write:
    Calculating averages

Courant Number mean: 0.1297330128 max: 3.498142414
deltaT = 0.001865671642
Time = 14.985075

diagonal:  Solving for rho, Initial residual = 0, Final residual = 0, No Iterations 0
PIMPLE: iteration 1
smoothSolver:  Solving for Ux, Initial residual = 5.122954031e-05, Final residual = 5.955098625e-09, No Iterations 2
smoothSolver:  Solving for Uy, Initial residual = 1.089354168e-05, Final residual = 2.880330481e-09, No Iterations 2
smoothSolver:  Solving for Uz, Initial residual = 2.472633603e-06, Final residual = 6.321829173e-10, No Iterations 2
DILUPBiCGStab:  Solving for H2, Initial residual = 1.113520325e-06, Final residual = 3.455627064e-11, No Iterations 1
min/max(T) = 288, 296.579187
DICPCG:  Solving for p_rgh, Initial residual = 4.512508159e-06, Final residual = 9.562451726e-08, No Iterations 158
DICPCG:  Solving for p_rgh, Initial residual = 1.129654244e-07, Final residual = 6.863151262e-08, No Iterations 1
diagonal:  Solving for rho, Initial residual = 0, Final residual = 0, No Iterations 0
time step continuity errors : sum local = 2.248797511e-06, global = 2.221292467e-06, cumulative = 0.02760604108
DICPCG:  Solving for p_rgh, Initial residual = 3.16416059e-06, Final residual = 9.908209476e-08, No Iterations 156
DICPCG:  Solving for p_rgh, Initial residual = 1.092838977e-07, Final residual = 7.258565689e-08, No Iterations 1
diagonal:  Solving for rho, Initial residual = 0, Final residual = 0, No Iterations 0
time step continuity errors : sum local = 2.252665652e-06, global = 2.224318089e-06, cumulative = 0.02760826539
DILUPBiCGStab:  Solving for omega, Initial residual = 1.607299873e-06, Final residual = 5.583919486e-09, No Iterations 1
DILUPBiCGStab:  Solving for k, Initial residual = 5.612857569e-07, Final residual = 6.606737775e-09, No Iterations 1
ExecutionTime = 1167.9 s  ClockTime = 1168 s

fieldAverage fieldAverage write:
    Calculating averages

Courant Number mean: 0.1297330112 max: 3.49814165
deltaT = 0.001865671642
Time = 14.98694

diagonal:  Solving for rho, Initial residual = 0, Final residual = 0, No Iterations 0
PIMPLE: iteration 1
smoothSolver:  Solving for Ux, Initial residual = 5.132176474e-05, Final residual = 5.967098218e-09, No Iterations 2
smoothSolver:  Solving for Uy, Initial residual = 1.075035448e-05, Final residual = 2.539194112e-09, No Iterations 2
smoothSolver:  Solving for Uz, Initial residual = 2.433789716e-06, Final residual = 5.878152931e-10, No Iterations 2
DILUPBiCGStab:  Solving for H2, Initial residual = 1.114018587e-06, Final residual = 3.459995843e-11, No Iterations 1
min/max(T) = 288, 296.579187
DICPCG:  Solving for p_rgh, Initial residual = 4.511849052e-06, Final residual = 9.792109674e-08, No Iterations 166
DICPCG:  Solving for p_rgh, Initial residual = 1.148752079e-07, Final residual = 7.467949127e-08, No Iterations 1
diagonal:  Solving for rho, Initial residual = 0, Final residual = 0, No Iterations 0
time step continuity errors : sum local = 2.254442091e-06, global = 2.223351928e-06, cumulative = 0.02761048875
DICPCG:  Solving for p_rgh, Initial residual = 3.160329431e-06, Final residual = 9.881286936e-08, No Iterations 175
DICPCG:  Solving for p_rgh, Initial residual = 1.124531562e-07, Final residual = 7.586672466e-08, No Iterations 1
diagonal:  Solving for rho, Initial residual = 0, Final residual = 0, No Iterations 0
time step continuity errors : sum local = 2.259638759e-06, global = 2.220911596e-06, cumulative = 0.02761270966
DILUPBiCGStab:  Solving for omega, Initial residual = 1.60658199e-06, Final residual = 5.579727984e-09, No Iterations 1
DILUPBiCGStab:  Solving for k, Initial residual = 5.618979719e-07, Final residual = 6.601356627e-09, No Iterations 1
ExecutionTime = 1168.61 s  ClockTime = 1169 s

fieldAverage fieldAverage write:
    Calculating averages

Courant Number mean: 0.1297330838 max: 3.498141155
deltaT = 0.001865671642
Time = 14.988806

diagonal:  Solving for rho, Initial residual = 0, Final residual = 0, No Iterations 0
PIMPLE: iteration 1
smoothSolver:  Solving for Ux, Initial residual = 5.315823256e-05, Final residual = 9.854221716e-09, No Iterations 2
smoothSolver:  Solving for Uy, Initial residual = 1.162663606e-05, Final residual = 2.809746572e-09, No Iterations 2
smoothSolver:  Solving for Uz, Initial residual = 2.441281182e-06, Final residual = 6.182599632e-10, No Iterations 2
DILUPBiCGStab:  Solving for H2, Initial residual = 1.109966938e-06, Final residual = 3.449715449e-11, No Iterations 1
min/max(T) = 288, 296.579187
DICPCG:  Solving for p_rgh, Initial residual = 4.521056796e-06, Final residual = 9.911558296e-08, No Iterations 163
DICPCG:  Solving for p_rgh, Initial residual = 1.179457434e-07, Final residual = 7.615792545e-08, No Iterations 1
diagonal:  Solving for rho, Initial residual = 0, Final residual = 0, No Iterations 0
time step continuity errors : sum local = 2.255181449e-06, global = 2.222823417e-06, cumulative = 0.02761493248
DICPCG:  Solving for p_rgh, Initial residual = 3.163856903e-06, Final residual = 9.792399504e-08, No Iterations 166
DICPCG:  Solving for p_rgh, Initial residual = 1.109800055e-07, Final residual = 7.500323026e-08, No Iterations 1
diagonal:  Solving for rho, Initial residual = 0, Final residual = 0, No Iterations 0
time step continuity errors : sum local = 2.257324611e-06, global = 2.223733114e-06, cumulative = 0.02761715621
DILUPBiCGStab:  Solving for omega, Initial residual = 1.60544918e-06, Final residual = 5.582308804e-09, No Iterations 1
DILUPBiCGStab:  Solving for k, Initial residual = 5.608389429e-07, Final residual = 6.613127735e-09, No Iterations 1
ExecutionTime = 1169.33 s  ClockTime = 1170 s

fieldAverage fieldAverage write:
    Calculating averages

Courant Number mean: 0.1297332235 max: 3.498139887
deltaT = 0.001865671642
Time = 14.990672

diagonal:  Solving for rho, Initial residual = 0, Final residual = 0, No Iterations 0
PIMPLE: iteration 1
smoothSolver:  Solving for Ux, Initial residual = 5.233855308e-05, Final residual = 6.83707001e-09, No Iterations 2
smoothSolver:  Solving for Uy, Initial residual = 1.065305478e-05, Final residual = 1.867562573e-09, No Iterations 2
smoothSolver:  Solving for Uz, Initial residual = 2.410910402e-06, Final residual = 6.317373249e-10, No Iterations 2
DILUPBiCGStab:  Solving for H2, Initial residual = 1.110734652e-06, Final residual = 3.453257137e-11, No Iterations 1
min/max(T) = 288, 296.579187
DICPCG:  Solving for p_rgh, Initial residual = 4.511326811e-06, Final residual = 9.938213604e-08, No Iterations 157
DICPCG:  Solving for p_rgh, Initial residual = 1.146036494e-07, Final residual = 7.360519738e-08, No Iterations 1
diagonal:  Solving for rho, Initial residual = 0, Final residual = 0, No Iterations 0
time step continuity errors : sum local = 2.253379965e-06, global = 2.224415917e-06, cumulative = 0.02761938063
DICPCG:  Solving for p_rgh, Initial residual = 3.168158652e-06, Final residual = 9.609672335e-08, No Iterations 175
DICPCG:  Solving for p_rgh, Initial residual = 1.11988229e-07, Final residual = 7.11287605e-08, No Iterations 1
diagonal:  Solving for rho, Initial residual = 0, Final residual = 0, No Iterations 0
time step continuity errors : sum local = 2.254533602e-06, global = 2.221828497e-06, cumulative = 0.02762160246
DILUPBiCGStab:  Solving for omega, Initial residual = 1.604747286e-06, Final residual = 5.583769966e-09, No Iterations 1
DILUPBiCGStab:  Solving for k, Initial residual = 5.610170124e-07, Final residual = 6.605613132e-09, No Iterations 1
ExecutionTime = 1170.05 s  ClockTime = 1171 s

fieldAverage fieldAverage write:
    Calculating averages

Courant Number mean: 0.1297332631 max: 3.498139862
deltaT = 0.001865671642
Time = 14.992537

diagonal:  Solving for rho, Initial residual = 0, Final residual = 0, No Iterations 0
PIMPLE: iteration 1
smoothSolver:  Solving for Ux, Initial residual = 5.140961985e-05, Final residual = 5.974348747e-09, No Iterations 2
smoothSolver:  Solving for Uy, Initial residual = 1.138978269e-05, Final residual = 2.437574941e-09, No Iterations 2
smoothSolver:  Solving for Uz, Initial residual = 2.525009533e-06, Final residual = 7.079960545e-10, No Iterations 2
DILUPBiCGStab:  Solving for H2, Initial residual = 1.107232005e-06, Final residual = 3.442862329e-11, No Iterations 1
min/max(T) = 288, 296.579187
DICPCG:  Solving for p_rgh, Initial residual = 4.506597464e-06, Final residual = 9.869786413e-08, No Iterations 155
DICPCG:  Solving for p_rgh, Initial residual = 1.175075082e-07, Final residual = 7.640022003e-08, No Iterations 1
diagonal:  Solving for rho, Initial residual = 0, Final residual = 0, No Iterations 0
time step continuity errors : sum local = 2.25658911e-06, global = 2.222815814e-06, cumulative = 0.02762382527
DICPCG:  Solving for p_rgh, Initial residual = 3.164401777e-06, Final residual = 8.646775544e-08, No Iterations 166
DICPCG:  Solving for p_rgh, Initial residual = 1.004331043e-07, Final residual = 6.537513813e-08, No Iterations 1
diagonal:  Solving for rho, Initial residual = 0, Final residual = 0, No Iterations 0
time step continuity errors : sum local = 2.252021708e-06, global = 2.221150517e-06, cumulative = 0.02762604642
DILUPBiCGStab:  Solving for omega, Initial residual = 1.602926028e-06, Final residual = 5.580975293e-09, No Iterations 1
DILUPBiCGStab:  Solving for k, Initial residual = 5.613488991e-07, Final residual = 6.603976074e-09, No Iterations 1
ExecutionTime = 1170.76 s  ClockTime = 1171 s

fieldAverage fieldAverage write:
    Calculating averages

Courant Number mean: 0.1297333958 max: 3.498141858
deltaT = 0.001865671642
Time = 14.994403

diagonal:  Solving for rho, Initial residual = 0, Final residual = 0, No Iterations 0
PIMPLE: iteration 1
smoothSolver:  Solving for Ux, Initial residual = 5.104690021e-05, Final residual = 6.038686337e-09, No Iterations 2
smoothSolver:  Solving for Uy, Initial residual = 1.036588424e-05, Final residual = 1.812094191e-09, No Iterations 2
smoothSolver:  Solving for Uz, Initial residual = 2.616673578e-06, Final residual = 7.014049818e-10, No Iterations 2
DILUPBiCGStab:  Solving for H2, Initial residual = 1.10869055e-06, Final residual = 3.448803081e-11, No Iterations 1
min/max(T) = 288, 296.579187
DICPCG:  Solving for p_rgh, Initial residual = 4.500915056e-06, Final residual = 9.560574993e-08, No Iterations 151
DICPCG:  Solving for p_rgh, Initial residual = 1.131943121e-07, Final residual = 7.322315734e-08, No Iterations 1
diagonal:  Solving for rho, Initial residual = 0, Final residual = 0, No Iterations 0
time step continuity errors : sum local = 2.254533422e-06, global = 2.222177124e-06, cumulative = 0.0276282686
DICPCG:  Solving for p_rgh, Initial residual = 3.154067428e-06, Final residual = 9.326767283e-08, No Iterations 168
DICPCG:  Solving for p_rgh, Initial residual = 1.078725286e-07, Final residual = 6.788281567e-08, No Iterations 1
diagonal:  Solving for rho, Initial residual = 0, Final residual = 0, No Iterations 0
time step continuity errors : sum local = 2.252151051e-06, global = 2.223232376e-06, cumulative = 0.02763049183
DILUPBiCGStab:  Solving for omega, Initial residual = 1.601634256e-06, Final residual = 5.58121328e-09, No Iterations 1
DILUPBiCGStab:  Solving for k, Initial residual = 5.607486396e-07, Final residual = 6.602882802e-09, No Iterations 1
ExecutionTime = 1171.46 s  ClockTime = 1172 s

fieldAverage fieldAverage write:
    Calculating averages

Courant Number mean: 0.1297334439 max: 3.498141206
deltaT = 0.001865671642
Time = 14.996269

diagonal:  Solving for rho, Initial residual = 0, Final residual = 0, No Iterations 0
PIMPLE: iteration 1
smoothSolver:  Solving for Ux, Initial residual = 5.142825492e-05, Final residual = 6.368470143e-09, No Iterations 2
smoothSolver:  Solving for Uy, Initial residual = 1.125415735e-05, Final residual = 2.714836013e-09, No Iterations 2
smoothSolver:  Solving for Uz, Initial residual = 2.607160031e-06, Final residual = 6.741169359e-10, No Iterations 2
DILUPBiCGStab:  Solving for H2, Initial residual = 1.104753187e-06, Final residual = 3.433010437e-11, No Iterations 1
min/max(T) = 288, 296.579187
DICPCG:  Solving for p_rgh, Initial residual = 4.498927981e-06, Final residual = 9.194890646e-08, No Iterations 148
DICPCG:  Solving for p_rgh, Initial residual = 1.112535667e-07, Final residual = 7.046375197e-08, No Iterations 1
diagonal:  Solving for rho, Initial residual = 0, Final residual = 0, No Iterations 0
time step continuity errors : sum local = 2.25425793e-06, global = 2.22267637e-06, cumulative = 0.02763271451
DICPCG:  Solving for p_rgh, Initial residual = 3.155908488e-06, Final residual = 9.789501914e-08, No Iterations 160
DICPCG:  Solving for p_rgh, Initial residual = 1.122042864e-07, Final residual = 7.410460362e-08, No Iterations 1
diagonal:  Solving for rho, Initial residual = 0, Final residual = 0, No Iterations 0
time step continuity errors : sum local = 2.255961405e-06, global = 2.225654655e-06, cumulative = 0.02763494016
DILUPBiCGStab:  Solving for omega, Initial residual = 1.600490905e-06, Final residual = 5.579086465e-09, No Iterations 1
DILUPBiCGStab:  Solving for k, Initial residual = 5.609435324e-07, Final residual = 6.616124796e-09, No Iterations 1
ExecutionTime = 1172.14 s  ClockTime = 1173 s

fieldAverage fieldAverage write:
    Calculating averages

Courant Number mean: 0.1297335462 max: 3.49814137
deltaT = 0.001865671642
Time = 14.998134

diagonal:  Solving for rho, Initial residual = 0, Final residual = 0, No Iterations 0
PIMPLE: iteration 1
smoothSolver:  Solving for Ux, Initial residual = 5.252752055e-05, Final residual = 7.94995476e-09, No Iterations 2
smoothSolver:  Solving for Uy, Initial residual = 1.053419279e-05, Final residual = 2.443801726e-09, No Iterations 2
smoothSolver:  Solving for Uz, Initial residual = 2.638289434e-06, Final residual = 6.402360244e-10, No Iterations 2
DILUPBiCGStab:  Solving for H2, Initial residual = 1.105433795e-06, Final residual = 3.434529245e-11, No Iterations 1
min/max(T) = 288, 296.579187
DICPCG:  Solving for p_rgh, Initial residual = 4.501132321e-06, Final residual = 9.639673151e-08, No Iterations 151
DICPCG:  Solving for p_rgh, Initial residual = 1.150906987e-07, Final residual = 7.233087623e-08, No Iterations 1
diagonal:  Solving for rho, Initial residual = 0, Final residual = 0, No Iterations 0
time step continuity errors : sum local = 2.254680997e-06, global = 2.223234221e-06, cumulative = 0.0276371634
DICPCG:  Solving for p_rgh, Initial residual = 3.160865114e-06, Final residual = 9.165889668e-08, No Iterations 172
DICPCG:  Solving for p_rgh, Initial residual = 1.044026375e-07, Final residual = 6.690702523e-08, No Iterations 1
diagonal:  Solving for rho, Initial residual = 0, Final residual = 0, No Iterations 0
time step continuity errors : sum local = 2.254618351e-06, global = 2.22308994e-06, cumulative = 0.02763938649
DILUPBiCGStab:  Solving for omega, Initial residual = 1.599350485e-06, Final residual = 5.576727365e-09, No Iterations 1
DILUPBiCGStab:  Solving for k, Initial residual = 5.614289298e-07, Final residual = 6.613345356e-09, No Iterations 1
ExecutionTime = 1172.82 s  ClockTime = 1173 s

fieldAverage fieldAverage write:
    Calculating averages

Courant Number mean: 0.12973363 max: 3.498141925
deltaT = 0.001865671642
Time = 15

diagonal:  Solving for rho, Initial residual = 0, Final residual = 0, No Iterations 0
PIMPLE: iteration 1
smoothSolver:  Solving for Ux, Initial residual = 5.19466022e-05, Final residual = 9.502814273e-09, No Iterations 2
smoothSolver:  Solving for Uy, Initial residual = 1.057022617e-05, Final residual = 2.49360227e-09, No Iterations 2
smoothSolver:  Solving for Uz, Initial residual = 2.611014113e-06, Final residual = 6.651377904e-10, No Iterations 2
DILUPBiCGStab:  Solving for H2, Initial residual = 1.103495746e-06, Final residual = 3.423712902e-11, No Iterations 1
min/max(T) = 288, 296.579187
DICPCG:  Solving for p_rgh, Initial residual = 4.501426628e-06, Final residual = 9.866125886e-08, No Iterations 148
DICPCG:  Solving for p_rgh, Initial residual = 1.195562122e-07, Final residual = 7.393977362e-08, No Iterations 1
diagonal:  Solving for rho, Initial residual = 0, Final residual = 0, No Iterations 0
time step continuity errors : sum local = 2.256140604e-06, global = 2.22162274e-06, cumulative = 0.02764160811
DICPCG:  Solving for p_rgh, Initial residual = 3.157905067e-06, Final residual = 9.88984e-08, No Iterations 156
DICPCG:  Solving for p_rgh, Initial residual = 1.125548982e-07, Final residual = 7.366830021e-08, No Iterations 1
diagonal:  Solving for rho, Initial residual = 0, Final residual = 0, No Iterations 0
time step continuity errors : sum local = 2.256427415e-06, global = 2.228265328e-06, cumulative = 0.02764383638
DILUPBiCGStab:  Solving for omega, Initial residual = 1.598267087e-06, Final residual = 5.579395474e-09, No Iterations 1
DILUPBiCGStab:  Solving for k, Initial residual = 5.598558551e-07, Final residual = 6.613192967e-09, No Iterations 1
ExecutionTime = 1173.67 s  ClockTime = 1174 s

yPlus yPlusAudit write:
    writing field yPlus
    patch wall y+ : min = 2.226755859, max = 3146.483055, average = 399.3712142
fieldAverage fieldAverage write:
    Calculating averages

    Writing average fields

End

Finalising parallel run
